4294967278,338
4294967279,531
4294967278,310
4294967279,306
4294967294,12
4294967294,5
4294967279,206
4294967279,202
4294967279,201
4294967278,308
4294967279,523
4294967278,195
4294967279,195
4294967279,194
4294967279,193
4294967279,192
4294967278,189
4294967278,188
4294967278,187
4294967279,187
4294967278,186
4294967278,185
4294967278,184
4294967278,183
4294967279,183
4294967278,182
4294967278,181
4294967278,180
4294967278,179
4294967279,179
4294967278,178
4294967279,178
4294967278,177
4294967278,176
4294967278,175
4294967278,173
4294967278,172
4294967279,172
4294967278,171
4294967278,170
4294967278,169
4294967294,1015
4294967294,27
4294967278,132
4294967278,131
4294967278,130
4294967278,129
4294967278,128
4294967278,127
4294967278,126
4294967278,125
4294967278,124
4294967278,123
4294967278,122
4294967278,121
4294967278,260
4294967278,0
4294967278,120
4294967278,247
4294967278,119
4294967278,118
4294967278,117
4294967278,116
4294967278,115
4294967278,114
4294967278,113
4294967278,112
4294967278,111
4294967278,110
4294967278,109
4294967278,108
4294967278,107
4294967278,106
4294967278,105
4294967278,104
4294967278,103
4294967278,102
4294967278,101
4294967278,100
4294967278,99
4294967278,98
4294967278,97
4294967278,96
4294967278,95
4294967278,94
4294967278,93
4294967278,92
4294967278,91
4294967278,90
4294967278,89
4294967278,87
4294967278,86
4294967278,85
4294967278,84
4294967278,83
4294967278,82
4294967278,81
4294967278,80
4294967278,79
4294967278,78
4294967278,77
4294967278,76
4294967278,75
4294967278,74
4294967278,73
4294967278,72
4294967278,71
4294967278,70
4294967278,69
4294967278,68
4294967278,67
4294967278,66
4294967278,65
4294967278,64
4294967278,63
4294967278,62
4294967278,61
4294967278,60
4294967278,59
4294967278,58
4294967278,57
4294967278,56
4294967278,55
4294967278,53
4294967278,52
4294967278,51
4294967278,50
4294967278,49
4294967278,48
4294967278,47
4294967278,46
4294967278,45
4294967278,44
4294967278,43
4294967278,42
4294967278,41
4294967278,40
4294967278,39
4294967278,38
4294967279,18
4294967279,260
4294967279,278
4294967279,16
4294967279,14
4294967279,11
4294967279,9
4294967279,8
4294967279,7
4294967279,6
4294967279,5
4294967279,4
4294967278,54
4294967294,30
4294967294,142
4294967294,141
4294967294,139
4294967294,138
4294967294,133
4294967294,1016
4294967294,992
4294967294,990
4294967294,989
4294967294,988
4294967294,987
4294967294,60
4294967279,165
4294967279,164
4294967294,197
4294967294,196
4294967294,195
4294967294,193
4294967294,192
4294967294,1013
4294967294,1011
4294967294,1009
4294967294,1006
4294967294,1004
4294967294,1000
4294967294,997
4294967294,995
4294967294,182
4294967294,173
4294967294,170
4294967294,163
4294967294,11
4294967294,68
4294967279,163
4294967279,292
4294967278,296
4294967278,295
65,6
65,5
65,4
65,3
65,2
65,1
0,5
4294967279,152
4294967278,384
4294967294,50
4294967278,293
4294967278,314
4294967279,288
4294967278,146
4294967294,6
4294967279,143
4294967278,304
4294967279,139
4294967279,285
4294967279,138
4294967294,93
4294967294,95
4294967278,137
4294967279,309
4294967279,284
4294967278,286
62,6
4294967279,279
62,5
62,4
4294967279,282
62,3
62,2
62,1
4294967294,17
4294967294,99
4294967294,76
4294967294,81
4294967294,22
4294967294,42
4294967294,52
4294967294,146
4294967294,26
4294967294,51
4294967294,25
4294967278,281
4294967279,280
4294967278,265
4294967279,275
4294967279,258
4294967279,257
4294967278,279
4294967279,256
4294967278,278
4294967279,513
4294967294,7
4294967279,319
4294967294,67
4294967294,202
4294967294,82
4294967278,383
4294967278,317
4294967279,316
4294967294,1419
4294967294,185
4294967294,198
4294967294,1002
4294967278,316
4294967279,315
4294967278,315
4294967279,314
4294967294,1418
4294967278,313
4294967279,250
59,6
4294967278,253
59,5
4294967279,249
59,4
59,3
59,2
59,1
4294967278,249
4294967278,245
4294967279,243
4294967279,244
4294967279,241
4294967294,205
4294967278,239
4294967279,235
4294967278,231
4294967279,227
4294967279,225
4294967294,1417
4294967279,223
4294967294,1414
4294967294,83
4294967294,1416
4294967279,221
4294967279,219
56,4
56,3
56,2
56,1
4294967293,131
4294967293,130
4294967293,129
4294967293,128
4294967293,127
4294967293,126
4294967293,125
4294967293,124
4294967293,123
4294967293,122
4294967293,121
4294967293,120
4294967293,119
4294967293,118
4294967293,117
4294967293,116
4294967293,115
4294967293,114
4294967293,113
4294967293,112
4294967293,111
4294967293,110
4294967293,109
4294967293,108
4294967293,107
4294967293,106
4294967293,105
4294967293,104
4294967293,103
4294967293,102
4294967293,101
4294967293,100
4294967293,99
4294967293,98
4294967293,97
4294967293,96
4294967293,95
4294967293,94
4294967293,93
4294967293,92
4294967293,91
4294967293,90
4294967293,89
4294967293,87
4294967293,86
4294967293,85
4294967293,84
4294967293,83
4294967293,82
4294967293,81
4294967293,80
4294967293,79
4294967293,78
4294967293,77
4294967293,76
4294967293,75
4294967293,74
4294967293,73
4294967293,72
4294967293,71
4294967293,70
4294967293,69
4294967293,68
4294967293,67
4294967293,66
4294967293,65
4294967293,64
4294967293,63
4294967293,62
4294967293,61
4294967293,60
4294967293,59
4294967293,58
4294967293,57
4294967293,56
4294967293,55
4294967293,54
4294967293,53
4294967293,52
4294967293,51
4294967293,50
4294967293,49
4294967293,48
4294967293,47
4294967293,46
4294967293,45
4294967293,44
4294967293,43
4294967293,42
4294967293,41
4294967293,40
4294967293,39
4294967293,38
4294967293,37
4294967293,36
4294967293,35
4294967293,34
4294967293,33
4294967293,32
4294967293,31
4294967293,30
4294967293,29
4294967293,28
4294967293,27
4294967293,26
4294967293,25
4294967293,24
4294967293,23
4294967293,22
4294967293,21
4294967293,20
